20
9
3
9
15
25
20
15
8
12
8
15
12
6
3
12
6
29
8
12
3
29
25
7
12
8
7
12
7
29
9
17
3
19
30
29
8
7
12
9
12
6
28
20
9
12
8
7
12
25
29
3
25
29
7
28
12
17
19
7
12
8
7
12
3
8
7
20
17
19
30
29
25
26
7
12
8
7
12
15
6
9
12
8
7
25
26
30
20
15
8
7
12
8
30
17
19
31
29
28
3
26
7
19
11
25
15
17
3
8
7
26
7
6
19
31
9
6
19
31
12
6
19
31
9
15
3
17
7
12
3
6
28
3
29
25
29
30
30
29
8
20
9
20
8
20
25
26
8
12
17
7
12
8
9
12
8
28
20
15
8
7
30
6
3
8
7
20
15
8
19
3
30
17
19
31
8
15
7
28
20
25
26
29
30
25
7
12
8
32
19
25
26
30
30
15
8
25
26
29
17
19
31
20
8
15
25
26
30
29
25
7
12
8
28
9
15
8
7
8
7
15
3
19
30
29
12
25
26
7
8
32
19
30
7
12
9
12
8
12
8
7
19
30
21
26
8
7
15
6
3
30
29
8
7
6
8
15
12
8
3
9
30
6
3
15
8
12
6
3
9
12
8
7
15
6
8
7
15
6
8
7
15
11
7
15
8
7
12
17
